 99   77
 31   90
 94   89
116   85
103   98
 13  100
107  103
117  123
116  103
157  141
138  132
132  132
133  132
163  135
143  137
 32   13
359   24
269    4
213   93
191  118
144  127
106   15
125   54
102  205
105  269
 40  260
168  143
164  155
208   78
178  137
170  145
232   40
211  150
230  170
228  169
227  173
232  183
215  177
214  177
213  181
236  176
236  184
242  182
231  182
362  335
420  343
  1  206
  4  234
  4  166
 90  196
218  183
206  179
223  157
229  172
229  177
251    8
208   33
279  196
158  234
149  113
151  129
158  122
157   97
 38  259
  9  238
155  117
156  118
151  133
268  195
143  193
163  102
187  159
194  173
107  350
210  174
217  183
195  179
  9   12
451   51
442  125
175   39
176  176
163  143
168  171
146  161
140  215
129  218
183  180
140  289
196  178
304   11
205  195
 13  211
178  155
216  193
323  116
